#RPLIDAR SCAN DATA
#COUNT=972
#Angule	Distance	Quality
353.3698 808.0 188
353.7158 808.0 188
354.0619 808.0 188
354.4025 808.0 188
354.7485 806.0 188
355.0891 806.0 188
355.4352 798.0 188
355.7813 804.0 188
356.1218 810.0 188
356.4679 804.0 188
356.8085 804.0 188
357.1545 802.0 188
357.4951 802.0 188
357.8412 802.0 188
358.1873 800.0 188
358.5278 802.0 188
358.8739 802.0 188
359.2145 800.0 188
359.5605 800.0 188
359.9011 800.0 188
0.2637 800.0 188
0.6537 790.0 188
1.2964 806.0 188
1.6370 796.0 188
1.9830 796.0 188
2.3236 796.0 188
2.6697 796.0 188
3.0103 796.0 188
3.3563 796.0 188
3.7024 796.0 188
4.0430 794.0 188
4.3890 796.0 188
4.7296 796.0 188
5.0757 796.0 188
5.4218 796.0 188
5.7623 796.0 188
6.1084 796.0 188
6.4490 798.0 188
6.7950 798.0 188
7.1356 798.0 188
7.4817 798.0 188
7.8278 798.0 188
8.1683 798.0 188
8.5144 798.0 188
8.8550 800.0 188
9.2010 802.0 188
9.5416 800.0 188
9.8877 800.0 188
10.2338 802.0 188
10.5743 802.0 188
10.9204 802.0 188
11.2610 804.0 188
11.6071 804.0 188
11.9531 806.0 188
12.2937 806.0 188
12.6398 806.0 188
12.9803 808.0 188
13.3264 808.0 188
13.6670 810.0 188
14.0131 810.0 188
14.3591 812.0 188
14.6997 812.0 188
15.0458 812.0 188
15.3864 814.0 188
15.7324 814.0 188
16.0730 816.0 188
16.4191 816.0 188
16.7651 818.0 188
17.0618 820.0 188
17.4023 822.0 188
17.7484 822.0 188
18.0890 824.0 188
18.8416 816.0 188
19.1217 842.0 188
19.4678 832.0 188
19.8083 832.0 188
20.1544 834.0 188
20.4950 836.0 188
20.8411 838.0 188
21.1871 840.0 188
21.5277 840.0 188
21.8738 842.0 188
22.2144 846.0 188
22.5110 848.0 188
22.8571 850.0 188
23.2471 844.0 188
23.5437 852.0 188
23.8898 860.0 188
24.2303 856.0 188
24.5764 858.0 188
24.9170 860.0 188
25.2631 862.0 188
25.6091 864.0 188
25.9662 866.0 188
26.3123 868.0 188
26.6528 870.0 188
26.9989 874.0 188
27.3395 876.0 188
27.6855 878.0 188
27.9822 880.0 188
28.3228 884.0 188
28.6688 886.0 188
29.0149 888.0 188
29.3555 890.0 188
29.7015 892.0 188
30.0421 896.0 188
30.4047 898.0 188
30.7452 900.0 188
31.0913 904.0 188
31.4374 908.0 188
31.7780 910.0 188
32.0746 912.0 188
32.4207 914.0 188
32.7612 918.0 188
33.1073 922.0 188
33.4479 924.0 188
33.7939 928.0 188
34.1400 934.0 188
34.4971 936.0 188
34.8431 938.0 188
35.1837 940.0 188
35.4639 946.0 188
35.8099 952.0 188
36.1670 956.0 188
36.5131 958.0 188
36.8591 962.0 188
37.1997 966.0 188
37.5458 970.0 188
37.8864 974.0 188
38.2324 976.0 188
38.5730 980.0 188
38.8696 984.0 188
39.2157 988.0 188
39.5618 992.0 188
39.9023 998.0 188
40.2484 1004.0 188
40.6055 1010.0 188
40.9515 1014.0 188
41.2921 1018.0 188
41.6382 1022.0 188
41.9348 1026.0 188
42.2809 1032.0 188
42.6215 1038.0 188
42.9675 1040.0 188
43.3081 1044.0 188
43.6542 1052.0 188
43.9948 1058.0 188
44.3408 1064.0 188
44.6375 1070.0 188
44.9835 1076.0 188
45.3241 1082.0 188
45.6702 1086.0 188
46.0107 1090.0 188
46.3733 1096.0 188
46.7139 1104.0 188
47.0599 1112.0 188
47.3401 1118.0 188
47.6862 1124.0 188
48.0432 1130.0 188
48.3893 1136.0 188
48.7299 1144.0 188
49.0759 1150.0 188
49.4165 1158.0 188
49.7626 1166.0 188
50.0592 1174.0 188
50.4053 1182.0 188
50.7458 1186.0 188
51.0919 1194.0 188
51.4325 1200.0 188
51.7786 1210.0 188
52.1356 1222.0 188
52.4213 1230.0 188
52.7618 1236.0 188
53.1079 1244.0 188
53.4485 1254.0 188
53.8110 1266.0 188
54.1516 1274.0 188
54.4977 1278.0 188
54.8438 1290.0 188
55.1239 1300.0 188
55.4810 1306.0 188
55.8270 1320.0 188
56.1676 1334.0 188
56.5137 1342.0 188
56.8542 1354.0 188
57.5464 1364.0 188
58.5297 1422.0 188
58.8702 1424.0 188
59.2163 1436.0 188
59.4965 1448.0 188
59.8425 1462.0 188
60.1831 1472.0 188
60.5292 1486.0 188
60.8698 1502.0 188
61.2158 1518.0 188
61.5619 1530.0 188
61.8585 1544.0 188
62.1991 1562.0 188
62.5452 1578.0 188
62.8857 1592.0 188
63.2318 1608.0 188
63.5779 1624.0 188
63.8580 1642.0 188
64.1986 1660.0 188
64.5447 1680.0 188
64.8853 1696.0 188
65.2313 1712.0 188
65.5884 1732.0 188
65.9344 1752.0 188
66.2146 1770.0 188
66.5607 1792.0 188
66.9012 1814.0 188
67.2473 1834.0 188
67.5934 1856.0 188
67.9340 1884.0 188
68.2306 1912.0 188
68.5767 1938.0 188
68.9172 1964.0 188
69.2633 1990.0 188
69.6094 2016.0 188
69.9500 2040.0 188
70.2301 2068.0 188
70.5762 2088.0 188
70.9167 2120.0 188
71.2628 2160.0 188
71.6089 2192.0 188
71.9495 2216.0 188
72.2461 2248.0 188
72.5922 2288.0 188
72.9327 2328.0 188
73.2788 2360.0 188
73.6249 2396.0 188
73.9655 2440.0 188
74.2456 2480.0 188
74.5917 2524.0 188
75.6354 2568.0 188
75.9814 2720.0 188
76.2616 2768.0 188
76.6077 2812.0 188
76.9482 2860.0 188
77.2943 2904.0 188
77.6404 2964.0 188
78.2776 3144.0 188
78.6237 3220.0 188
78.9642 3288.0 188
79.3103 3324.0 188
79.6509 3336.0 188
79.9969 3368.0 188
80.3430 3404.0 188
80.6836 3404.0 188
81.0297 3408.0 188
81.3702 3420.0 188
81.7163 3432.0 188
82.0624 3420.0 188
82.4030 3408.0 188
82.7490 3404.0 188
83.0896 3400.0 188
83.4357 3392.0 188
83.7762 3388.0 188
84.1223 3376.0 188
84.4684 3364.0 188
84.8090 3360.0 188
85.8417 3356.0 188
88.9508 3308.0 188
91.1041 1140.0 188
91.4502 1142.0 188
91.7963 1144.0 188
92.1368 1142.0 188
92.4829 1144.0 188
92.8235 1142.0 188
93.1696 1140.0 188
93.8562 1140.0 188
93.9825 2188.0 188
94.3231 2188.0 188
95.3558 2196.0 188
104.9194 1494.0 188
105.9961 1406.0 188
106.4026 1304.0 188
106.8091 1272.0 188
107.1552 1250.0 188
108.2318 1224.0 188
108.9844 1128.0 188
109.3744 1104.0 188
109.7150 1080.0 188
110.1215 1056.0 188
110.4675 1034.0 188
110.8575 1014.0 188
111.1981 994.0 188
111.6046 974.0 188
111.9507 956.0 188
112.3572 938.0 188
112.6978 922.0 188
113.0933 906.0 188
113.4338 892.0 188
113.8403 876.0 188
114.1864 864.0 188
114.5270 848.0 188
114.9170 834.0 188
115.2631 820.0 188
115.6696 808.0 188
116.0156 796.0 188
116.4166 784.0 188
116.7627 774.0 188
117.1527 762.0 188
117.4988 752.0 188
117.9053 740.0 188
118.2458 730.0 188
118.6359 722.0 188
118.9819 712.0 188
119.3884 702.0 188
119.7290 692.0 188
120.0751 684.0 188
120.4651 676.0 188
120.8112 668.0 188
121.2177 660.0 188
121.5582 652.0 188
121.9647 644.0 188
122.3108 636.0 188
122.7008 628.0 188
123.0469 622.0 188
123.3875 616.0 188
123.7939 610.0 188
124.1400 604.0 188
124.5300 598.0 188
124.8706 592.0 188
125.2167 586.0 188
125.6232 580.0 188
125.9637 574.0 188
126.3593 568.0 188
126.6998 562.0 188
127.1063 556.0 188
127.4524 550.0 188
127.8424 546.0 188
128.1830 540.0 188
128.5291 536.0 188
128.9355 532.0 188
129.2761 526.0 188
129.6826 522.0 188
130.0287 518.0 188
130.3748 514.0 188
130.7648 510.0 188
131.1053 505.0 188
131.5118 501.0 188
131.8579 498.0 188
132.1985 494.0 188
132.5885 490.0 188
132.9346 486.0 188
133.2806 483.0 188
133.6871 479.0 188
134.0277 476.0 188
134.3738 473.0 188
134.7638 470.0 188
135.1044 465.0 188
135.5109 462.0 188
135.8569 460.0 188
136.2030 456.0 188
136.5930 454.0 188
136.9336 451.0 188
137.2797 448.0 188
137.6862 445.0 188
138.0267 442.0 188
138.3728 440.0 188
138.7628 437.0 188
139.1693 431.0 188
139.5154 430.0 188
139.7955 434.0 188
140.2020 431.0 188
140.5426 425.0 188
140.9326 423.0 188
141.2787 420.0 188
141.6248 418.0 188
142.0313 416.0 188
142.3718 413.0 188
142.7179 411.0 188
143.1079 408.0 188
143.4485 406.0 188
143.7946 405.0 188
144.2010 403.0 188
144.5416 401.0 188
144.8877 399.0 188
145.2338 397.0 188
145.6238 395.0 188
145.9644 393.0 188
146.3104 391.0 188
146.7169 389.0 188
147.0575 387.0 188
147.4036 385.0 188
147.7936 384.0 188
148.1396 382.0 188
148.4802 381.0 188
148.8263 379.0 188
149.2328 377.0 188
149.5734 376.0 188
149.9194 375.0 188
150.2655 373.0 188
150.6555 371.0 188
150.9961 370.0 188
151.3422 368.0 188
151.7487 367.0 188
152.0892 366.0 188
152.4353 364.0 188
152.7759 363.0 188
153.1219 362.0 188
153.5120 361.0 188
153.8580 359.0 188
154.1986 358.0 188
154.6051 356.0 188
154.9512 355.0 188
155.2917 355.0 188
155.6378 354.0 188
155.9839 352.0 188
156.3739 351.0 188
156.7145 350.0 188
157.0605 349.0 188
157.4011 348.0 188
157.8076 346.0 188
158.1537 346.0 188
158.4998 345.0 188
158.8403 344.0 188
159.1864 343.0 188
159.5270 342.0 188
159.9170 341.0 188
160.2631 340.0 188
160.6091 339.0 188
160.9497 339.0 188
161.2958 338.0 188
161.6364 337.0 188
162.0428 336.0 188
162.3889 335.0 188
162.7295 334.0 188
163.0756 334.0 188
163.4216 333.0 188
163.8281 332.0 188
164.1687 331.0 188
164.5148 331.0 188
164.8553 330.0 188
165.2014 330.0 188
165.5420 329.0 188
165.8881 329.0 188
166.2341 328.0 188
166.6241 327.0 188
166.9647 327.0 188
167.3108 326.0 188
167.6514 326.0 188
167.9974 325.0 188
168.3435 325.0 188
168.6841 325.0 188
169.0302 324.0 188
169.4366 323.0 188
169.7772 323.0 188
170.1233 322.0 188
170.4639 321.0 188
170.8099 321.0 188
171.1560 321.0 188
171.4966 321.0 188
171.8427 321.0 188
172.1667 320.0 188
172.5128 320.0 188
172.9193 319.0 188
173.2654 319.0 188
173.6060 318.0 188
173.9520 318.0 188
174.2926 318.0 188
174.6387 318.0 188
174.9792 318.0 188
175.3253 317.0 188
175.6714 317.0 188
176.0120 317.0 188
176.3580 317.0 188
176.6986 316.0 188
177.0447 316.0 188
177.3853 316.0 188
177.7313 316.0 188
178.0774 316.0 188
178.4674 315.0 188
178.8080 315.0 188
179.1541 315.0 188
179.4946 314.0 188
179.8407 315.0 188
180.1868 315.0 188
180.5273 315.0 188
180.8734 315.0 188
181.2140 314.0 188
181.5601 314.0 188
181.9061 314.0 188
182.2467 314.0 188
182.5928 315.0 188
182.9333 314.0 188
183.2794 314.0 188
183.6200 314.0 188
183.9661 315.0 188
184.3121 314.0 188
184.6527 314.0 188
184.9988 314.0 188
185.3394 314.0 188
185.6854 314.0 188
186.0260 315.0 188
186.3721 315.0 188
186.7181 315.0 188
187.0587 315.0 188
187.4048 315.0 188
187.7454 315.0 188
188.0420 316.0 188
188.3881 316.0 188
188.7341 316.0 188
189.0747 316.0 188
189.4208 316.0 188
189.7614 316.0 188
190.1074 316.0 188
190.4480 317.0 188
190.7776 317.0 188
191.1237 317.0 188
191.4642 317.0 188
191.8103 318.0 188
192.1674 318.0 188
192.5134 318.0 188
192.8540 319.0 188
193.2001 319.0 188
193.5461 319.0 188
193.8263 320.0 188
194.1669 320.0 188
194.5129 320.0 188
194.8590 321.0 188
195.1996 321.0 188
195.5457 321.0 188
195.8862 322.0 188
196.2323 322.0 188
196.5729 323.0 188
196.9189 323.0 188
197.1991 324.0 188
197.5452 324.0 188
197.9022 325.0 188
198.2483 325.0 188
198.5889 326.0 188
198.9349 326.0 188
199.2810 327.0 188
199.5612 328.0 188
199.9017 329.0 188
200.2478 329.0 188
200.5884 329.0 188
200.9344 329.0 188
201.9012 334.0 188
202.2473 335.0 188
202.5934 333.0 188
202.9340 333.0 188
203.2800 334.0 188
203.6206 335.0 188
203.9667 336.0 188
204.3073 336.0 188
204.6533 336.0 188
204.9500 337.0 188
205.2960 338.0 188
205.6366 340.0 188
205.9827 340.0 188
206.3232 341.0 188
206.6693 341.0 188
206.9495 342.0 188
207.2955 343.0 188
207.6361 344.0 188
207.9822 345.0 188
208.3228 346.0 188
208.6249 347.0 188
208.9655 348.0 188
209.3115 349.0 188
209.6521 350.0 188
209.9982 351.0 188
210.2783 352.0 188
210.6244 352.0 188
210.9650 354.0 188
211.3110 356.0 188
211.6077 357.0 188
211.9482 357.0 188
212.2943 358.0 188
212.6404 360.0 188
212.9810 361.0 188
213.2611 362.0 188
213.6072 364.0 188
213.9478 365.0 188
214.2938 366.0 188
214.5905 368.0 188
214.9365 369.0 188
215.2771 371.0 188
215.6232 371.0 188
215.9033 373.0 188
216.2494 375.0 188
216.5900 376.0 188
216.9360 378.0 188
217.2327 379.0 188
217.5732 381.0 188
217.9193 382.0 188
218.2654 384.0 188
218.5455 386.0 188
218.8861 387.0 188
219.2322 388.0 188
219.5728 390.0 188
219.8584 392.0 188
220.1990 393.0 188
220.5615 395.0 188
220.8417 397.0 188
221.1823 398.0 188
221.5283 400.0 188
221.8744 402.0 188
222.1545 404.0 188
222.4951 406.0 188
222.8412 408.0 188
223.1378 410.0 188
223.4839 412.0 188
223.8245 414.0 188
224.1705 416.0 188
224.4507 418.0 188
224.7968 420.0 188
225.1373 421.0 188
225.4834 423.0 188
225.7800 426.0 188
226.1206 429.0 188
226.4667 431.0 188
226.7468 433.0 188
227.0929 436.0 188
227.4335 439.0 188
227.7301 441.0 188
228.0762 443.0 188
228.4167 446.0 188
228.7024 449.0 188
229.0430 451.0 188
229.3890 454.0 188
229.6857 457.0 188
230.0262 460.0 188
230.3723 463.0 188
230.6525 466.0 188
230.9985 468.0 188
231.3556 471.0 188
231.6357 474.0 188
231.9818 477.0 188
232.3279 481.0 188
232.6080 484.0 188
232.9651 487.0 188
233.3112 491.0 188
233.5913 494.0 188
233.9374 498.0 188
234.2780 501.0 188
234.5746 504.0 188
234.9207 508.0 188
235.2612 512.0 188
235.5469 516.0 188
235.8875 520.0 188
236.1676 524.0 188
236.5137 528.0 188
236.8707 532.0 188
237.1509 536.0 188
237.4969 540.0 188
237.8430 544.0 188
238.1232 548.0 188
238.4802 554.0 188
238.8263 558.0 188
239.1064 562.0 188
239.4525 568.0 188
239.7327 572.0 188
240.0732 578.0 188
240.4358 582.0 188
240.7159 586.0 188
241.0620 594.0 188
241.3422 600.0 188
241.6827 604.0 188
242.0453 610.0 188
242.3254 616.0 188
242.6715 622.0 188
243.0121 628.0 188
243.2922 634.0 188
243.6548 642.0 188
243.9349 648.0 188
244.2810 654.0 188
244.6216 662.0 188
244.9017 668.0 188
245.2643 674.0 188
245.6049 682.0 188
245.8905 690.0 188
246.2311 698.0 188
246.5112 706.0 188
246.8738 714.0 188
247.2144 722.0 188
247.5000 732.0 188
247.8406 742.0 188
248.1207 750.0 188
248.4668 760.0 188
248.8239 768.0 188
249.1040 778.0 188
249.4501 788.0 188
249.7302 800.0 188
250.0763 810.0 188
250.3729 824.0 188
250.7135 834.0 188
251.0596 846.0 188
251.3397 858.0 188
251.6858 870.0 188
251.9824 884.0 188
252.3230 896.0 188
252.6691 910.0 188
252.9492 924.0 188
253.2953 938.0 188
253.5919 952.0 188
253.9325 966.0 188
254.9652 980.0 188
255.2454 998.0 188
255.9375 1008.0 188
256.6241 1002.0 188
256.9647 998.0 188
257.3108 996.0 188
257.6514 994.0 188
257.9974 994.0 188
258.3435 992.0 188
258.6841 990.0 188
259.0302 988.0 188
259.3707 986.0 188
259.7168 986.0 188
260.0574 984.0 188
260.4529 982.0 188
260.7935 980.0 188
261.1395 980.0 188
261.4801 978.0 188
261.8262 974.0 188
262.1667 974.0 188
262.5128 974.0 188
262.8589 974.0 188
263.1995 972.0 188
263.5291 972.0 188
263.8696 972.0 188
264.2157 970.0 188
264.5618 968.0 188
264.9023 968.0 188
265.2484 966.0 188
265.5890 964.0 188
265.9351 964.0 188
266.2811 964.0 188
266.6217 964.0 188
266.9678 964.0 188
267.3083 964.0 188
267.6544 962.0 188
267.9950 960.0 188
268.3411 962.0 188
268.6871 960.0 188
269.3573 950.0 188
269.6539 1014.0 188
270.0000 1012.0 188
270.3406 998.0 188
270.6866 998.0 188
271.0272 998.0 188
271.3568 998.0 188
271.7029 1000.0 188
272.0435 998.0 188
272.3895 996.0 188
272.7301 996.0 188
273.0762 996.0 188
273.4167 996.0 188
273.7628 996.0 188
274.1089 996.0 188
274.4495 996.0 188
274.7955 996.0 188
275.1361 998.0 188
275.4822 998.0 188
275.8228 998.0 188
276.1688 998.0 188
276.5149 998.0 188
276.8390 998.0 188
277.1851 998.0 188
277.5311 1000.0 188
277.8717 1002.0 188
278.2178 1002.0 188
278.5583 1002.0 188
278.9044 1002.0 188
279.2450 1004.0 188
279.5911 1004.0 188
279.9371 1002.0 188
280.2777 1002.0 188
280.6238 1004.0 188
280.9644 1004.0 188
281.3104 1006.0 188
281.6510 1008.0 188
281.9971 1010.0 188
282.3267 1008.0 188
282.6672 1012.0 188
283.0133 1012.0 188
283.3594 1012.0 188
283.7000 1012.0 188
284.0460 1014.0 188
284.3866 1014.0 188
284.7327 1016.0 188
285.0732 1020.0 188
285.4193 1020.0 188
285.7654 1022.0 188
286.1060 1022.0 188
286.4520 1022.0 188
286.7926 1024.0 188
287.1387 1024.0 188
287.4188 1026.0 188
287.7649 1028.0 188
288.1055 1028.0 188
288.4515 1030.0 188
288.7921 1032.0 188
289.1382 1036.0 188
289.4843 1040.0 188
289.8248 1040.0 188
290.1709 1042.0 188
290.5115 1046.0 188
290.8575 1046.0 188
291.1981 1046.0 188
291.5442 1046.0 188
291.8903 1050.0 188
292.1704 1070.0 188
292.5110 1092.0 188
292.8571 1100.0 188
293.2031 1104.0 188
293.5437 1106.0 188
293.8898 1108.0 188
294.2303 1110.0 188
294.5764 1110.0 188
294.9170 1114.0 188
295.2631 1116.0 188
295.5597 1120.0 188
295.9058 1122.0 188
296.2463 1126.0 188
296.5924 1134.0 188
296.9330 1140.0 188
297.2791 1144.0 188
297.6196 1148.0 188
297.9657 1148.0 188
298.3118 1148.0 188
298.6523 1152.0 188
298.9984 1156.0 188
299.3390 1156.0 188
299.6851 1160.0 188
300.0311 1164.0 188
300.3717 1166.0 188
300.7178 1170.0 188
300.9979 1178.0 188
301.3385 1182.0 188
301.6846 1184.0 188
302.0306 1188.0 188
302.3712 1192.0 188
302.7173 1196.0 188
303.0579 1198.0 188
303.4039 1202.0 188
303.7500 1208.0 188
304.0906 1214.0 188
304.4366 1216.0 188
304.7772 1218.0 188
305.1233 1224.0 188
305.4199 1232.0 188
305.7605 1236.0 188
306.1066 1240.0 188
306.4526 1246.0 188
306.7932 1250.0 188
307.1393 1254.0 188
307.4799 1260.0 188
307.8259 1262.0 188
308.1665 1264.0 188
309.1992 1272.0 188
310.2319 1232.0 188
310.6219 1218.0 188
310.9680 1214.0 188
311.3086 1220.0 188
312.3413 1226.0 188
314.0607 1218.0 188
314.4012 1202.0 188
314.7473 1196.0 188
315.0934 1188.0 188
315.4340 1174.0 188
315.7800 1172.0 188
316.1865 1168.0 188
316.5271 1156.0 188
316.8732 1148.0 188
317.2137 1140.0 188
317.5598 1132.0 188
317.9059 1128.0 188
318.2465 1120.0 188
318.6365 1112.0 188
318.9825 1106.0 188
319.3231 1100.0 188
319.6692 1094.0 188
320.0153 1088.0 188
320.3558 1080.0 188
320.7623 1068.0 188
321.1084 1052.0 188
321.4490 1042.0 188
321.7950 1048.0 188
322.1356 1048.0 188
322.4817 1042.0 188
322.8278 1036.0 188
323.1683 1028.0 188
323.5748 1024.0 188
323.9209 1018.0 188
324.2615 1014.0 188
324.6075 1008.0 188
324.9481 1004.0 188
325.2942 998.0 188
325.6403 994.0 188
325.9808 990.0 188
326.3269 986.0 188
326.7169 982.0 188
327.0575 978.0 188
327.4036 974.0 188
327.7496 968.0 188
328.0902 964.0 188
328.4363 960.0 188
328.7769 956.0 188
329.1229 954.0 188
329.4635 948.0 188
329.8096 946.0 188
330.2161 942.0 188
330.5621 938.0 188
330.9027 934.0 188
331.2488 930.0 188
331.5894 928.0 188
331.9354 924.0 188
332.2760 922.0 188
332.6221 918.0 188
332.9681 914.0 188
333.3087 912.0 188
333.7152 908.0 188
334.0613 906.0 188
334.4019 902.0 188
334.7479 900.0 188
335.0885 896.0 188
335.4346 894.0 188
335.7806 892.0 188
336.1212 890.0 188
336.4673 886.0 188
336.8079 884.0 188
337.1539 882.0 188
337.5000 880.0 188
337.8900 876.0 188
338.2306 874.0 188
338.5767 872.0 188
338.9172 870.0 188
339.2633 866.0 188
339.6094 864.0 188
339.9500 862.0 188
340.2960 862.0 188
340.6366 858.0 188
340.9827 856.0 188
341.3232 854.0 188
341.6693 852.0 188
342.0154 852.0 188
342.3560 850.0 188
342.7625 846.0 188
343.1085 844.0 188
343.4491 834.0 188
343.7952 828.0 188
344.1357 826.0 188
344.8279 828.0 188
345.5145 832.0 188
345.8551 834.0 188
346.2012 832.0 188
346.5417 830.0 188
346.8878 830.0 188
347.2339 830.0 188
347.5745 828.0 188
347.9205 826.0 188
348.2611 824.0 188
348.6072 822.0 188
348.9478 822.0 188
349.2938 820.0 188
349.7003 818.0 188
350.0464 818.0 188
350.3870 818.0 188
350.7330 818.0 188
351.0736 816.0 188
351.4197 814.0 188
351.7603 814.0 188
352.1063 814.0 188
352.4524 814.0 188
352.7930 812.0 188
353.1390 810.0 188
