#RPLIDAR SCAN DATA
#COUNT=598
#Angule	Distance	Quality
12.0740 1498.0 188
12.4200 1516.0 188
12.7606 1518.0 188
13.1067 1522.0 188
13.4637 1528.0 188
13.8098 1530.0 188
14.1559 1532.0 188
15.1392 1538.0 188
36.4526 2040.0 188
36.7932 2048.0 188
37.9688 9192.0 188
38.3093 9224.0 188
38.6719 9256.0 188
39.0125 9280.0 188
39.3585 9336.0 188
39.6991 9384.0 188
40.0452 9392.0 188
40.4022 9424.0 188
40.7483 9480.0 188
41.0889 9544.0 188
41.4349 9648.0 188
41.7810 9752.0 188
42.1216 9824.0 188
42.4841 9920.0 188
42.8247 9984.0 188
43.1708 10032.0 188
43.5114 10104.0 188
43.8574 10176.0 188
44.1980 10224.0 188
44.5605 10272.0 188
44.9011 10344.0 188
45.2472 10408.0 188
45.5933 10448.0 188
45.9338 10504.0 188
46.2964 10568.0 188
46.6370 10616.0 188
46.9830 10672.0 188
47.3236 10712.0 188
47.6697 10752.0 188
48.0267 10784.0 188
48.3728 10840.0 188
48.7134 10872.0 188
49.0594 10960.0 188
49.4055 11096.0 188
49.7626 11192.0 188
50.1086 11312.0 188
50.4492 11464.0 188
50.7953 11608.0 188
51.1359 11728.0 188
51.4819 11864.0 188
51.8390 11960.0 188
52.1851 12032.0 188
52.5311 12152.0 188
52.8717 12256.0 188
53.9648 2504.0 188
54.3109 2476.0 188
54.7174 2456.0 188
55.0580 2440.0 188
55.4041 2420.0 188
55.7446 2404.0 188
56.0907 2392.0 188
56.4478 2384.0 188
56.7938 2372.0 188
57.1399 2364.0 188
57.4805 2356.0 188
57.8265 2348.0 188
58.1671 2336.0 188
58.5297 2332.0 188
58.8702 2328.0 188
59.2163 2328.0 188
59.5624 2324.0 188
59.9030 2320.0 188
60.2655 2320.0 188
60.6061 2320.0 188
60.9521 2320.0 188
61.2927 2324.0 188
61.6388 2328.0 188
61.9958 2332.0 188
62.3419 2340.0 188
62.6825 2344.0 188
63.0286 2348.0 188
63.3746 2356.0 188
63.7152 2372.0 188
64.0778 2384.0 188
64.4183 2392.0 188
64.7644 2400.0 188
65.1050 2412.0 188
65.4510 2432.0 188
65.8081 2448.0 188
66.0938 2472.0 188
66.4343 2476.0 188
66.7969 2472.0 188
68.4174 19568.0 188
68.7634 19616.0 188
69.4666 19792.0 188
80.2496 9720.0 188
80.5902 9648.0 188
80.9363 9648.0 188
81.2769 9656.0 188
81.6229 9656.0 188
81.9635 9656.0 188
82.3096 9640.0 188
82.6556 9632.0 188
82.9962 9696.0 188
84.3256 16928.0 188
84.6716 16864.0 188
85.0122 16832.0 188
86.0449 16784.0 188
87.0776 23232.0 188
102.8540 24640.0 188
103.5901 24560.0 188
108.0780 18000.0 188
108.4186 18112.0 188
108.7646 18304.0 188
109.7919 18192.0 188
120.1849 11400.0 188
120.5310 11328.0 188
120.8881 11328.0 188
121.2341 11304.0 188
121.5747 11304.0 188
121.9208 11256.0 188
122.2614 11280.0 188
123.2941 11432.0 188
142.5421 14064.0 188
142.8882 13976.0 188
143.9209 13984.0 188
144.2615 13928.0 188
144.6075 13784.0 188
144.9481 13736.0 188
145.9808 13504.0 188
146.3269 13376.0 188
147.0135 13496.0 188
147.3541 13224.0 188
147.7002 13328.0 188
148.0463 13376.0 188
148.4033 13352.0 188
149.0900 13176.0 188
149.4360 13136.0 188
150.1227 12816.0 188
150.4688 12896.0 188
150.8093 12888.0 188
151.1554 12848.0 188
151.4960 12824.0 188
152.1826 12856.0 188
152.5287 12464.0 188
152.8748 12384.0 188
153.2153 12352.0 188
153.5614 12408.0 188
153.9020 12424.0 188
154.2480 12480.0 188
154.5886 12456.0 188
154.9347 12416.0 188
155.2808 12400.0 188
156.0773 6504.0 188
156.4178 6512.0 188
156.7639 6488.0 188
157.1045 6456.0 188
157.4506 6432.0 188
157.8076 6408.0 188
158.1537 6408.0 188
158.4998 6416.0 188
158.8403 6416.0 188
159.1864 6424.0 188
159.5270 6448.0 188
159.8730 6464.0 188
160.2136 6472.0 188
160.5597 6504.0 188
160.9058 6576.0 188
161.5265 12112.0 188
161.8726 12032.0 188
162.2186 12000.0 188
162.5592 12008.0 188
162.9053 11960.0 188
163.2458 11856.0 188
163.5919 11824.0 188
163.9490 11864.0 188
164.2950 11872.0 188
164.6356 11856.0 188
164.9817 11848.0 188
165.3278 11736.0 188
165.6683 11664.0 188
166.0144 11640.0 188
166.3550 11648.0 188
166.7010 11680.0 188
167.0416 11592.0 188
167.3877 11512.0 188
167.7338 11672.0 188
168.0743 11704.0 188
168.4204 11576.0 188
168.7610 11552.0 188
169.1071 11560.0 188
169.4531 11536.0 188
169.7937 11552.0 188
170.1398 11552.0 188
170.4803 11512.0 188
170.8264 11520.0 188
171.1670 11512.0 188
171.5131 11472.0 188
171.8591 11600.0 188
172.1997 11632.0 188
172.5458 11520.0 188
172.8864 11512.0 188
173.2324 11496.0 188
173.5730 11496.0 188
173.9191 11504.0 188
174.2651 11440.0 188
174.6057 11392.0 188
174.9683 11416.0 188
175.3088 11448.0 188
175.6549 11432.0 188
175.9955 11408.0 188
177.0282 11504.0 188
177.3743 11456.0 188
177.7148 11336.0 188
178.0609 11344.0 188
178.4015 11480.0 188
178.7476 11496.0 188
179.0936 11480.0 188
179.4342 11456.0 188
179.7803 11376.0 188
180.1208 11376.0 188
180.4669 11352.0 188
180.8075 11392.0 188
181.1700 11472.0 188
181.5106 11464.0 188
181.8567 11456.0 188
182.2028 11480.0 188
182.5433 11432.0 188
182.8894 11440.0 188
183.2300 11472.0 188
183.5760 11440.0 188
183.9166 11424.0 188
184.2627 11432.0 188
184.6088 11464.0 188
184.9493 11504.0 188
185.2954 11480.0 188
185.6525 11480.0 188
185.9985 11504.0 188
186.3391 11472.0 188
186.6852 11432.0 188
187.0313 11472.0 188
187.3718 11544.0 188
187.7179 11544.0 188
188.0585 11544.0 188
188.4045 11520.0 188
188.7451 11528.0 188
189.0912 11568.0 188
189.4373 11504.0 188
189.7778 11584.0 188
190.1239 11656.0 188
190.4810 11664.0 188
190.8270 11688.0 188
191.1676 11672.0 188
191.5137 11680.0 188
191.8542 11728.0 188
192.2003 11752.0 188
192.5464 11776.0 188
192.8870 11904.0 188
193.2330 11928.0 188
193.5736 11904.0 188
193.9197 11936.0 188
194.2603 11920.0 188
194.6063 11912.0 188
195.6555 11976.0 188
195.9961 12024.0 188
196.3422 12040.0 188
196.6827 12064.0 188
197.0288 12080.0 188
197.3749 12088.0 188
197.7155 12104.0 188
198.0615 12112.0 188
198.4021 12144.0 188
198.7482 12208.0 188
199.0887 12224.0 188
199.4348 12128.0 188
199.7809 12120.0 188
200.1379 12240.0 188
200.4840 12248.0 188
200.8246 12288.0 188
201.1047 12312.0 188
201.5112 12224.0 188
201.8573 12280.0 188
202.1375 12328.0 188
202.5439 12272.0 188
202.8900 12288.0 188
203.1866 12312.0 188
203.5272 12360.0 188
203.8733 12320.0 188
204.2139 12296.0 188
204.5599 12512.0 188
204.9060 12568.0 188
205.2466 12424.0 188
205.5927 12552.0 188
205.9332 12576.0 188
206.2793 12416.0 188
206.9659 13096.0 188
207.3120 13120.0 188
207.6691 13152.0 188
208.0151 13024.0 188
209.0424 12944.0 188
210.1849 2616.0 188
210.5310 2616.0 188
210.8716 2608.0 188
211.5582 2608.0 188
213.1842 13792.0 188
214.2169 14000.0 188
215.2606 14040.0 188
216.7493 8072.0 188
217.0898 7952.0 188
217.4359 7920.0 188
217.7930 7896.0 188
218.1390 7880.0 188
218.4796 7880.0 188
218.8257 7848.0 188
219.1718 7848.0 188
219.5123 7872.0 188
219.8584 7896.0 188
220.1990 7904.0 188
220.5450 7928.0 188
237.3541 23392.0 188
237.7002 23072.0 188
238.0463 23008.0 188
239.0900 23120.0 188
239.4360 23088.0 188
239.7766 22672.0 188
240.1227 22640.0 188
240.4688 22848.0 188
240.8093 22768.0 188
241.1554 22752.0 188
241.8585 13888.0 188
242.1991 13752.0 188
242.5452 13720.0 188
242.8857 13816.0 188
243.2318 13896.0 188
244.2645 13952.0 188
244.9512 21872.0 188
245.2917 21648.0 188
246.3409 21696.0 188
247.0276 21152.0 188
247.3737 21104.0 188
248.4009 19824.0 188
248.7469 19888.0 188
249.4336 21152.0 188
250.4663 21120.0 188
250.8124 20816.0 188
251.1530 20720.0 188
251.4990 20768.0 188
251.8396 20896.0 188
252.1857 20784.0 188
252.5427 20784.0 188
252.8888 20704.0 188
253.2294 20560.0 188
253.5754 20624.0 188
253.9215 20800.0 188
254.2621 20800.0 188
254.6082 20704.0 188
254.9487 20640.0 188
255.2948 20592.0 188
255.6354 20624.0 188
255.9814 20592.0 188
256.3275 20608.0 188
256.6681 20560.0 188
257.0142 20528.0 188
257.3547 20592.0 188
257.7008 20592.0 188
258.0469 20384.0 188
258.3875 20352.0 188
258.7335 20416.0 188
259.0741 20352.0 188
259.4366 20400.0 188
259.7772 20400.0 188
260.1233 20352.0 188
260.4639 20416.0 188
260.8099 20416.0 188
261.1560 20384.0 188
261.8427 19712.0 188
262.1832 19984.0 188
262.5293 20256.0 188
262.8699 20208.0 188
263.2159 20240.0 188
263.5620 20368.0 188
263.9026 20368.0 188
264.2487 20208.0 188
264.5892 20208.0 188
264.9353 20304.0 188
265.2759 20240.0 188
265.6219 20208.0 188
265.9790 20192.0 188
266.3251 20128.0 188
266.6711 20208.0 188
267.0117 20272.0 188
267.3578 20336.0 188
267.6984 20400.0 188
268.0444 20384.0 188
268.3905 20288.0 188
268.7311 20128.0 188
269.0771 20272.0 188
269.4177 20336.0 188
269.7638 20240.0 188
270.1044 20336.0 188
270.4504 20432.0 188
270.7965 20336.0 188
271.1371 20288.0 188
271.4832 20256.0 188
271.8237 20336.0 188
272.1698 20368.0 188
273.2135 13720.0 188
273.5596 13648.0 188
273.9056 13688.0 188
274.2462 13696.0 188
274.5923 13704.0 188
275.2789 13784.0 188
275.9656 20400.0 188
276.3116 20448.0 188
276.6522 20464.0 188
276.9983 20448.0 188
277.3389 20464.0 188
277.7014 20496.0 188
278.0420 20368.0 188
278.3881 20304.0 188
278.7341 20384.0 188
279.0747 20416.0 188
279.4208 20464.0 188
279.7614 20640.0 188
280.1074 20576.0 188
280.4645 20400.0 188
280.8105 20496.0 188
281.1511 20560.0 188
281.4972 20624.0 188
281.8433 20688.0 188
282.1838 20656.0 188
282.5299 20480.0 188
282.8705 20480.0 188
283.2330 20592.0 188
283.5736 20544.0 188
283.9197 20592.0 188
284.2603 20720.0 188
284.6063 20752.0 188
284.9524 20640.0 188
285.2930 20640.0 188
285.6390 20688.0 188
285.9961 20752.0 188
286.3422 20864.0 188
286.6827 20880.0 188
287.0288 20800.0 188
287.3749 20768.0 188
287.7155 20768.0 188
288.0615 20912.0 188
288.4021 20784.0 188
288.7646 20752.0 188
289.1052 20816.0 188
289.4513 20720.0 188
289.7919 20848.0 188
290.1379 20784.0 188
290.4840 20720.0 188
290.8246 20864.0 188
291.1707 20928.0 188
291.8738 21168.0 188
294.4501 2276.0 188
294.7961 2236.0 188
295.2026 2204.0 188
295.5432 2180.0 188
295.8893 2160.0 188
296.2299 2144.0 188
296.5759 2136.0 188
296.9165 2128.0 188
297.2626 2116.0 188
297.6086 2108.0 188
297.9657 2096.0 188
298.3118 2092.0 188
298.6523 2088.0 188
298.9984 2084.0 188
299.3390 2076.0 188
299.6851 2072.0 188
300.0311 2068.0 188
300.3717 2064.0 188
300.7343 2064.0 188
301.0748 2064.0 188
301.4209 2060.0 188
301.7615 2060.0 188
302.1075 2064.0 188
302.4481 2064.0 188
302.7942 2068.0 188
303.1403 2076.0 188
303.4973 2080.0 188
303.8434 2084.0 188
304.1840 2092.0 188
304.5300 2100.0 188
304.8706 2104.0 188
305.2167 2108.0 188
305.5573 2112.0 188
305.9033 2120.0 188
306.2604 2128.0 188
306.6064 2140.0 188
306.9525 2152.0 188
307.2931 2164.0 188
307.6392 2184.0 188
307.9797 2204.0 188
308.2764 2236.0 188
308.9685 2288.0 188
310.9351 10624.0 188
311.2811 10624.0 188
311.6217 10544.0 188
311.9843 10472.0 188
312.3248 10424.0 188
312.6709 10328.0 188
313.0115 10264.0 188
313.3575 10200.0 188
313.6981 10112.0 188
314.7473 10064.0 188
316.1206 9528.0 188
316.4667 9480.0 188
316.8073 9424.0 188
317.1533 9408.0 188
317.5104 9376.0 188
317.8564 9336.0 188
318.2025 9336.0 188
318.9990 5144.0 188
319.3396 5136.0 188
319.6857 5112.0 188
320.0427 5088.0 188
320.3888 5064.0 188
320.7294 5032.0 188
321.0754 5000.0 188
321.4215 4968.0 188
321.7621 4944.0 188
322.1082 4936.0 188
322.5146 4896.0 188
323.2013 4888.0 188
324.0747 8752.0 188
324.4208 8720.0 188
324.7614 8648.0 188
325.1074 8608.0 188
325.4480 8584.0 188
325.8105 8512.0 188
326.1511 8464.0 188
326.4972 8440.0 188
326.8433 8424.0 188
327.1838 8360.0 188
330.3589 8048.0 188
330.6995 8144.0 188
331.0455 8120.0 188
331.3861 8088.0 188
331.7322 8088.0 188
332.0728 8072.0 188
332.4353 8056.0 188
332.7759 8032.0 188
333.1219 8008.0 188
333.4680 7984.0 188
333.8086 7952.0 188
334.1547 7912.0 188
334.4952 7880.0 188
334.8413 7880.0 188
335.1984 7840.0 188
335.5444 7776.0 188
335.8905 7760.0 188
336.2311 7736.0 188
336.5771 7712.0 188
336.9177 7688.0 188
337.2638 7648.0 188
337.6044 7616.0 188
337.9669 7616.0 188
338.3075 7600.0 188
338.6536 7568.0 188
338.9996 7552.0 188
339.3402 7528.0 188
339.6863 7512.0 188
340.0269 7504.0 188
340.3729 7488.0 188
340.7300 7472.0 188
341.0760 7464.0 188
341.4166 7456.0 188
341.7627 7448.0 188
342.1088 7440.0 188
342.4493 7432.0 188
342.7954 7416.0 188
343.1360 7416.0 188
343.4821 7416.0 188
343.8281 7416.0 188
344.1687 7408.0 188
344.5148 7392.0 188
344.8553 7384.0 188
345.2014 7384.0 188
345.5420 7384.0 188
345.8881 7368.0 188
346.2341 7360.0 188
346.5912 7360.0 188
346.9373 7344.0 188
347.2778 7336.0 188
347.6239 7336.0 188
347.9645 7336.0 188
348.3105 7344.0 188
349.6674 1578.0 188
350.0134 1558.0 188
350.3540 1546.0 188
350.7001 1542.0 188
351.0901 1532.0 188
351.7767 1530.0 188
