#RPLIDAR SCAN DATA
#COUNT=936
#Angule	Distance	Quality
356.7920 792.0 188
357.1381 780.0 188
357.4841 776.0 188
357.8247 774.0 188
358.1708 770.0 188
358.5608 766.0 188
358.9014 764.0 188
359.2474 762.0 188
359.5935 760.0 188
359.9341 760.0 188
0.2802 760.0 188
0.6207 764.0 188
0.9009 772.0 188
1.5930 782.0 188
1.9336 784.0 188
2.2797 778.0 188
2.6202 776.0 188
2.9663 776.0 188
3.3124 778.0 188
3.6530 778.0 188
3.9990 778.0 188
4.3396 776.0 188
4.6857 778.0 188
5.0262 780.0 188
5.3723 780.0 188
5.7184 784.0 188
6.0590 786.0 188
6.7456 792.0 188
7.5586 904.0 188
7.9047 904.0 188
8.2452 904.0 188
8.5913 900.0 188
8.9374 890.0 188
9.2780 886.0 188
9.6240 892.0 188
9.9646 896.0 188
10.3107 898.0 188
10.6512 896.0 188
10.9808 890.0 188
11.3269 890.0 188
11.6675 890.0 188
12.0135 886.0 188
12.3541 886.0 188
12.7002 888.0 188
13.0463 880.0 188
13.4528 874.0 188
13.7933 874.0 188
14.1394 876.0 188
14.4800 878.0 188
14.7656 880.0 188
15.1062 882.0 188
15.4523 884.0 188
15.7928 884.0 188
16.1389 888.0 188
16.4795 892.0 188
16.8256 894.0 188
18.7482 560.0 188
19.1547 556.0 188
19.4952 554.0 188
19.8413 552.0 188
20.1874 550.0 188
20.5280 550.0 188
20.8740 550.0 188
21.2146 552.0 188
21.5607 552.0 188
21.9012 554.0 188
22.2473 556.0 188
22.5934 558.0 188
22.8735 562.0 188
23.9063 568.0 188
26.4990 852.0 188
26.8396 850.0 188
27.1857 850.0 188
27.5262 852.0 188
27.8723 854.0 188
28.2184 854.0 188
28.5590 856.0 188
28.9050 860.0 188
29.2456 862.0 188
29.5917 866.0 188
29.9323 870.0 188
30.2179 880.0 188
35.9363 284.0 188
36.2769 283.0 188
36.6833 282.0 188
37.0294 282.0 188
37.3700 282.0 188
37.7161 282.0 188
38.0621 282.0 188
38.4027 282.0 188
38.6993 283.0 188
39.0454 283.0 188
39.3860 283.0 188
39.7321 284.0 188
40.0781 285.0 188
40.3748 286.0 188
40.7153 286.0 188
41.0614 287.0 188
41.4020 288.0 188
41.6986 290.0 188
41.9843 293.0 188
42.3413 296.0 188
42.5610 300.0 188
42.9181 302.0 188
43.2642 303.0 188
43.5443 305.0 188
43.8409 308.0 188
44.1870 311.0 188
44.4177 316.0 188
47.4664 630.0 188
47.8235 628.0 188
48.1696 626.0 188
48.5156 626.0 188
48.8562 628.0 188
49.2023 628.0 188
49.5428 630.0 188
49.8395 634.0 188
50.1855 634.0 188
50.5261 640.0 188
50.8722 642.0 188
51.2183 646.0 188
51.5149 652.0 188
52.5421 662.0 188
53.4485 2328.0 188
53.7946 2348.0 188
54.1516 2372.0 188
54.4977 2400.0 188
54.8438 2424.0 188
55.1239 2460.0 188
55.4810 2496.0 188
56.1676 2512.0 188
57.0905 3464.0 188
57.4365 3460.0 188
57.7771 3456.0 188
58.1232 3468.0 188
58.7604 3764.0 188
59.1064 3756.0 188
59.4525 3768.0 188
59.7931 3780.0 188
60.1556 3816.0 188
60.8423 4052.0 188
61.1829 4040.0 188
61.5289 4032.0 188
61.8750 4032.0 188
62.2156 4036.0 188
62.5616 4024.0 188
62.9187 4028.0 188
63.2648 4024.0 188
67.0441 3872.0 188
67.3901 3892.0 188
67.7307 3892.0 188
68.0768 3888.0 188
68.4174 3872.0 188
68.7634 3856.0 188
69.1040 3848.0 188
69.4501 3840.0 188
69.7961 3832.0 188
70.4828 3832.0 188
70.8234 3824.0 188
71.5155 3804.0 188
72.7185 2556.0 188
73.2294 3792.0 188
73.5754 3724.0 188
73.9215 3648.0 188
74.6082 3600.0 188
75.9650 1306.0 188
76.3110 1304.0 188
76.6516 1304.0 188
76.9977 1302.0 188
77.3438 1302.0 188
79.2169 726.0 188
79.6069 722.0 188
79.9530 720.0 188
80.2936 718.0 188
80.6396 714.0 188
80.9802 714.0 188
81.3263 714.0 188
81.6669 712.0 188
82.0129 712.0 188
82.3590 714.0 188
82.6996 714.0 188
83.0457 714.0 188
83.3862 714.0 188
83.7323 716.0 188
84.0729 718.0 188
84.4189 718.0 188
84.7650 720.0 188
85.1056 722.0 188
85.4022 724.0 188
85.7483 726.0 188
86.0889 728.0 188
86.4349 730.0 188
86.7810 732.0 188
87.1216 732.0 188
87.4677 734.0 188
87.8082 736.0 188
88.1543 738.0 188
88.4949 740.0 188
88.8409 740.0 188
89.1870 742.0 188
89.5276 744.0 188
89.8077 746.0 188
90.1538 748.0 188
90.4999 754.0 188
90.8405 756.0 188
91.1865 756.0 188
91.5271 758.0 188
91.8732 760.0 188
92.2137 760.0 188
92.5598 762.0 188
92.9059 764.0 188
93.2465 764.0 188
93.5925 766.0 188
93.9331 768.0 188
94.2297 770.0 188
94.5758 770.0 188
94.9658 768.0 188
95.3119 768.0 188
95.6525 768.0 188
95.9985 766.0 188
96.6852 766.0 188
97.6080 816.0 188
97.9486 816.0 188
98.2947 818.0 188
98.5748 820.0 188
98.9209 824.0 188
99.2615 826.0 188
99.6075 830.0 188
100.6403 838.0 188
101.3873 1344.0 188
101.7334 1344.0 188
102.0740 1346.0 188
102.4200 1350.0 188
102.7606 1352.0 188
103.1067 1356.0 188
107.0453 350.0 188
107.4518 346.0 188
107.7924 343.0 188
108.1824 340.0 188
108.5284 339.0 188
108.8745 337.0 188
109.2810 336.0 188
109.6216 335.0 188
109.9677 334.0 188
110.3082 333.0 188
110.6543 333.0 188
111.0443 332.0 188
111.3904 332.0 188
111.7310 332.0 188
112.0770 332.0 188
112.4176 332.0 188
112.7637 332.0 188
113.1042 332.0 188
113.4503 332.0 188
113.7305 333.0 188
114.0765 333.0 188
114.4171 334.0 188
114.7632 334.0 188
115.1093 335.0 188
115.4498 335.0 188
115.7959 336.0 188
116.0760 337.0 188
116.4166 338.0 188
116.7627 339.0 188
117.1088 340.0 188
117.3889 342.0 188
117.7295 343.0 188
118.0756 344.0 188
118.4216 346.0 188
118.7183 347.0 188
119.0588 349.0 188
119.4049 350.0 188
119.6851 352.0 188
120.0311 353.0 188
120.3717 355.0 188
120.6519 358.0 188
120.9979 359.0 188
121.3385 361.0 188
121.6241 364.0 188
121.9647 366.0 188
122.2614 368.0 188
122.6074 371.0 188
122.8876 373.0 188
123.2336 375.0 188
123.5742 377.0 188
123.8544 380.0 188
124.2004 382.0 188
124.4971 385.0 188
124.8431 387.0 188
125.1672 390.0 188
125.4639 393.0 188
125.8099 396.0 188
126.0901 398.0 188
126.4362 401.0 188
126.7767 403.0 188
127.0624 406.0 188
127.4030 409.0 188
127.6996 413.0 188
128.0457 416.0 188
128.3258 420.0 188
128.6060 424.0 188
128.9520 427.0 188
129.2926 431.0 188
129.5892 434.0 188
129.9353 438.0 188
130.2155 441.0 188
130.5615 445.0 188
130.8417 450.0 188
131.1823 455.0 188
131.4844 459.0 188
131.7645 465.0 188
132.1051 472.0 188
132.3853 479.0 188
132.6874 487.0 188
135.0110 2010.0 188
135.3406 2020.0 188
135.6866 2032.0 188
136.0272 2044.0 188
136.3239 2060.0 188
136.6699 2080.0 188
137.0105 2092.0 188
137.3401 2108.0 188
137.6862 2128.0 188
138.0267 2148.0 188
138.3728 2160.0 188
138.7134 2168.0 188
139.0594 2184.0 188
139.4055 2212.0 188
139.7461 2228.0 188
140.0262 2240.0 188
140.3723 2256.0 188
140.7184 2296.0 188
141.8719 3568.0 188
142.2015 3556.0 188
142.5421 3548.0 188
142.8882 3536.0 188
143.2343 3516.0 188
143.6353 3500.0 188
143.9813 3480.0 188
144.3274 3468.0 188
144.6680 3452.0 188
144.9976 3432.0 188
145.3436 3420.0 188
145.6842 3412.0 188
146.0303 3404.0 188
146.3708 3396.0 188
146.7169 3388.0 188
147.0575 3380.0 188
147.4036 3368.0 188
147.7496 3364.0 188
148.0902 3356.0 188
148.4363 3344.0 188
148.7769 3332.0 188
149.1229 3324.0 188
149.4525 3312.0 188
149.7931 3300.0 188
150.1392 3284.0 188
150.4797 3272.0 188
150.8258 3260.0 188
151.1719 3244.0 188
151.5125 3244.0 188
151.8585 3272.0 188
152.1991 3316.0 188
152.5452 3356.0 188
152.8857 3404.0 188
153.2318 3456.0 188
153.5779 3500.0 188
153.8580 3560.0 188
154.1986 3616.0 188
154.5447 3672.0 188
154.8853 3732.0 188
155.2313 3804.0 188
155.5774 3868.0 188
155.9180 3916.0 188
156.2476 3984.0 188
156.5936 4072.0 188
156.8903 4144.0 188
157.2308 4200.0 188
157.5769 4296.0 188
157.9175 4392.0 188
158.2471 4464.0 188
158.5931 4544.0 188
158.9337 4648.0 188
159.2798 4736.0 188
159.6204 4824.0 188
159.9664 4912.0 188
160.2466 5008.0 188
160.5927 5064.0 188
160.9332 5072.0 188
161.2793 5072.0 188
161.6199 5072.0 188
161.9659 5056.0 188
162.3120 5040.0 188
162.6526 5008.0 188
162.9987 4976.0 188
163.3392 4960.0 188
163.6853 4976.0 188
164.0259 4968.0 188
164.3719 4960.0 188
164.7180 4960.0 188
165.0421 4944.0 188
165.3882 4928.0 188
165.7343 4928.0 188
166.0748 4928.0 188
166.4209 4944.0 188
166.7615 4984.0 188
167.1075 5024.0 188
167.4481 4984.0 188
167.7942 4952.0 188
168.1403 4960.0 188
168.4808 4960.0 188
168.8269 4960.0 188
169.1675 4960.0 188
169.5135 4952.0 188
169.8541 4952.0 188
170.2002 4944.0 188
170.5298 4928.0 188
170.9363 4904.0 188
171.2769 4904.0 188
171.5625 4920.0 188
171.9031 4928.0 188
172.2491 4936.0 188
172.5897 4920.0 188
172.9358 4920.0 188
173.2764 4960.0 188
173.6224 4960.0 188
173.9685 4984.0 188
174.3091 5008.0 188
174.6552 5024.0 188
174.9957 5040.0 188
175.3418 5080.0 188
175.6824 5104.0 188
176.0120 5096.0 188
176.3580 5104.0 188
176.6986 5120.0 188
177.0447 5112.0 188
177.3853 5128.0 188
177.7313 5144.0 188
178.0774 5152.0 188
178.4180 5160.0 188
178.7640 5176.0 188
179.1046 5192.0 188
179.4507 5192.0 188
179.7968 5200.0 188
180.1373 5224.0 188
180.4834 5232.0 188
180.8240 5216.0 188
181.1700 5224.0 188
181.4996 5224.0 188
181.8402 5216.0 188
182.1863 5216.0 188
182.5269 5224.0 188
182.8729 5216.0 188
183.2135 5208.0 188
183.5596 5216.0 188
183.9056 5184.0 188
184.2462 5168.0 188
184.5923 5168.0 188
184.9329 5120.0 188
185.2789 5128.0 188
185.6250 5136.0 188
185.9656 5128.0 188
186.3116 5096.0 188
186.6522 5056.0 188
186.9818 5008.0 188
187.3279 4936.0 188
187.7344 4856.0 188
188.7616 4760.0 188
189.1077 4288.0 188
189.4482 4224.0 188
189.7943 4136.0 188
190.1843 4080.0 188
190.5304 4072.0 188
190.8710 4076.0 188
191.2170 4092.0 188
191.4972 4112.0 188
191.8433 4120.0 188
192.2498 4096.0 188
192.5903 4036.0 188
192.9364 3960.0 188
193.2770 3876.0 188
193.6066 3808.0 188
193.9526 3752.0 188
194.2932 3680.0 188
195.0458 3092.0 188
195.4358 3048.0 188
195.7764 3000.0 188
196.1224 2956.0 188
196.4685 2908.0 188
196.8091 2860.0 188
197.1552 2816.0 188
197.4957 2776.0 188
197.8418 2736.0 188
198.2483 2696.0 188
198.5889 2664.0 188
198.9349 2624.0 188
199.2810 2588.0 188
199.6216 2560.0 188
199.9677 2520.0 188
200.3247 2484.0 188
200.6708 2460.0 188
201.0608 2424.0 188
201.4014 2392.0 188
201.7474 2364.0 188
202.0935 2336.0 188
202.4341 2312.0 188
202.7966 2284.0 188
203.1372 2252.0 188
203.5272 2232.0 188
203.8733 2212.0 188
204.2139 2184.0 188
204.5599 2160.0 188
204.9060 2144.0 188
205.2631 2112.0 188
205.6091 2088.0 188
205.9497 2072.0 188
206.3397 2046.0 188
206.6858 2026.0 188
207.0264 2006.0 188
207.3889 1986.0 188
207.7295 1970.0 188
208.0756 1954.0 188
208.4216 1934.0 188
208.7622 1914.0 188
209.1083 1896.0 188
209.4983 1878.0 188
209.8553 1862.0 188
210.2014 1844.0 188
210.5420 1826.0 188
210.8881 1810.0 188
211.2341 1796.0 188
211.5747 1778.0 188
211.9208 1766.0 188
212.3273 1754.0 188
212.6678 1738.0 188
213.0139 1724.0 188
213.3545 1710.0 188
213.7006 1696.0 188
214.0466 1682.0 188
214.3872 1670.0 188
214.7333 1658.0 188
215.0739 1644.0 188
215.4803 1636.0 188
215.8264 1626.0 188
216.1670 1612.0 188
216.5131 1602.0 188
216.8591 1590.0 188
217.1997 1578.0 188
217.5458 1568.0 188
217.8864 1560.0 188
218.2324 1550.0 188
218.5730 1538.0 188
218.9795 1528.0 188
219.3256 1520.0 188
219.6716 1508.0 188
220.0122 1496.0 188
220.3583 1490.0 188
220.6989 1484.0 188
221.0449 1474.0 188
221.3855 1464.0 188
221.7316 1454.0 188
222.1381 1446.0 188
222.4841 1438.0 188
222.8247 1432.0 188
223.1708 1424.0 188
223.5114 1416.0 188
223.8574 1408.0 188
224.1980 1402.0 188
224.5441 1394.0 188
224.9011 1386.0 188
225.2472 1378.0 188
225.5933 1372.0 188
225.9833 1364.0 188
226.3239 1356.0 188
226.6699 1348.0 188
227.0105 1344.0 188
227.3730 1338.0 188
227.7136 1332.0 188
228.0597 1326.0 188
228.4058 1320.0 188
228.7463 1314.0 188
229.0924 1308.0 188
229.4330 1302.0 188
229.7791 1296.0 188
230.1855 1292.0 188
230.5261 1286.0 188
230.8722 1282.0 188
231.2183 1276.0 188
231.5588 1272.0 188
231.9049 1266.0 188
232.2455 1260.0 188
232.5916 1256.0 188
232.9321 1250.0 188
233.2782 1246.0 188
233.6243 1242.0 188
233.9648 1236.0 188
234.3109 1230.0 188
234.7009 1228.0 188
235.0415 1224.0 188
235.3876 1218.0 188
235.7446 1212.0 188
236.0907 1210.0 188
236.4368 1206.0 188
236.7773 1202.0 188
237.1234 1198.0 188
237.4640 1194.0 188
237.8101 1190.0 188
238.1561 1186.0 188
238.4967 1180.0 188
238.8428 1178.0 188
239.1833 1174.0 188
239.5734 1170.0 188
239.9194 1168.0 188
240.2655 1166.0 188
240.6061 1162.0 188
240.9521 1158.0 188
241.2927 1154.0 188
241.6388 1152.0 188
241.9794 1150.0 188
242.3254 1146.0 188
242.6715 1144.0 188
243.0286 1140.0 188
243.3746 1136.0 188
243.7152 1134.0 188
244.0613 1132.0 188
244.4019 1130.0 188
244.7479 1126.0 188
245.0885 1124.0 188
245.4346 1122.0 188
245.7806 1120.0 188
246.1707 1116.0 188
246.5112 1114.0 188
246.8573 1112.0 188
247.1979 1108.0 188
247.5439 1108.0 188
247.8900 1106.0 188
248.2306 1104.0 188
248.5767 1102.0 188
248.9172 1100.0 188
249.2633 1098.0 188
249.6094 1094.0 188
249.9664 1094.0 188
250.3125 1092.0 188
250.6531 1092.0 188
250.9991 1090.0 188
251.3397 1088.0 188
251.6858 1086.0 188
252.0264 1084.0 188
252.3724 1084.0 188
252.7185 1082.0 188
253.0591 1082.0 188
253.4052 1080.0 188
253.7457 1078.0 188
254.0918 1076.0 188
254.4324 1074.0 188
254.7784 1074.0 188
255.1245 1072.0 188
255.4651 1072.0 188
255.8112 1072.0 188
256.1517 1070.0 188
256.4978 1070.0 188
256.8878 1068.0 188
257.2449 1068.0 188
257.5909 1066.0 188
257.9370 1066.0 188
258.2776 1064.0 188
258.6237 1062.0 188
258.9642 1062.0 188
259.3103 1064.0 188
259.6509 1062.0 188
259.9969 1060.0 188
260.3430 1060.0 188
260.6836 1060.0 188
261.0297 1060.0 188
261.3702 1060.0 188
261.7163 1060.0 188
262.0624 1058.0 188
262.4030 1058.0 188
262.7490 1058.0 188
263.0896 1056.0 188
263.4357 1056.0 188
263.7762 1056.0 188
264.1223 1056.0 188
264.4684 1058.0 188
264.8090 1058.0 188
265.1550 1058.0 188
265.4791 1058.0 188
265.8252 1058.0 188
266.1713 1058.0 188
266.5118 1058.0 188
266.8579 1058.0 188
267.1985 1058.0 188
267.5446 1058.0 188
267.8906 1058.0 188
268.2312 1060.0 188
268.5773 1060.0 188
268.9178 1060.0 188
269.2639 1060.0 188
269.6045 1060.0 188
269.9506 1062.0 188
270.2966 1062.0 188
270.6372 1062.0 188
270.9668 1062.0 188
271.3074 1064.0 188
271.6534 1064.0 188
271.9995 1066.0 188
272.3401 1066.0 188
272.6862 1068.0 188
273.0267 1068.0 188
273.3124 1070.0 188
273.6530 1070.0 188
273.9990 1070.0 188
274.3396 1072.0 188
274.6857 1072.0 188
275.0262 1074.0 188
275.3723 1074.0 188
275.7184 1076.0 188
276.0590 1078.0 188
276.4050 1078.0 188
276.7456 1080.0 188
277.0917 1080.0 188
277.4323 1082.0 188
277.7783 1084.0 188
278.1244 1086.0 188
278.4650 1086.0 188
278.7946 1088.0 188
279.1406 1090.0 188
279.4812 1092.0 188
279.8273 1092.0 188
280.1678 1094.0 188
280.5139 1096.0 188
280.8545 1098.0 188
281.2006 1100.0 188
281.5466 1102.0 188
281.8872 1104.0 188
282.2333 1106.0 188
282.5739 1108.0 188
282.9199 1110.0 188
283.2605 1112.0 188
283.6066 1114.0 188
283.9526 1116.0 188
284.2328 1118.0 188
284.5734 1122.0 188
284.9194 1124.0 188
285.2655 1128.0 188
285.6061 1130.0 188
285.9521 1132.0 188
286.2762 1134.0 188
286.6223 1136.0 188
286.9684 1140.0 188
287.3090 1142.0 188
287.6550 1144.0 188
287.9956 1146.0 188
288.3417 1150.0 188
288.6823 1154.0 188
289.0283 1158.0 188
289.3744 1160.0 188
289.7150 1162.0 188
290.0610 1166.0 188
290.4016 1168.0 188
290.6873 1172.0 188
291.0278 1176.0 188
291.3739 1180.0 188
291.7145 1182.0 188
292.0605 1186.0 188
292.4011 1190.0 188
292.7472 1194.0 188
293.0933 1198.0 188
293.4338 1200.0 188
293.7799 1202.0 188
294.1040 1208.0 188
294.4501 1214.0 188
294.7961 1218.0 188
295.1367 1222.0 188
295.4828 1226.0 188
295.7794 1230.0 188
296.1200 1234.0 188
296.4661 1238.0 188
296.8121 1244.0 188
297.1527 1248.0 188
297.4988 1252.0 188
297.8394 1256.0 188
298.1854 1262.0 188
298.5260 1268.0 188
298.8721 1272.0 188
299.2181 1276.0 188
299.5587 1284.0 188
299.9048 1288.0 188
300.2454 1292.0 188
300.5310 1296.0 188
300.8716 1304.0 188
301.2177 1310.0 188
301.5582 1316.0 188
301.9043 1322.0 188
302.2449 1330.0 188
302.5909 1336.0 188
302.9370 1342.0 188
303.2776 1344.0 188
303.6237 1350.0 188
303.9642 1358.0 188
304.3268 1366.0 188
304.6069 1372.0 188
304.9530 1378.0 188
305.2936 1386.0 188
305.6396 1394.0 188
305.9802 1400.0 188
306.3263 1408.0 188
306.6669 1416.0 188
307.0129 1424.0 188
307.3590 1430.0 188
307.6996 1436.0 188
308.0457 1442.0 188
308.3423 1452.0 188
308.6829 1460.0 188
309.0289 1468.0 188
309.3750 1478.0 188
309.7156 1488.0 188
310.0616 1496.0 188
310.4022 1506.0 188
310.7483 1514.0 188
311.0889 1522.0 188
311.4349 1528.0 188
311.7151 1540.0 188
312.0612 1552.0 188
312.4017 1562.0 188
312.7478 1572.0 188
313.0884 1582.0 188
313.4344 1594.0 188
313.7805 1604.0 188
314.1211 1616.0 188
314.4672 1626.0 188
314.8077 1636.0 188
315.1044 1646.0 188
315.4504 1658.0 188
315.7965 1670.0 188
316.1371 1682.0 188
316.4832 1696.0 188
316.8237 1710.0 188
317.1698 1720.0 188
317.5104 1736.0 188
317.8564 1752.0 188
318.1366 1764.0 188
318.4827 1772.0 188
318.8232 1788.0 188
319.1693 1804.0 188
319.5264 1818.0 188
319.8724 1832.0 188
320.2185 1850.0 188
320.5591 1866.0 188
320.9052 1882.0 188
321.1853 1900.0 188
321.5259 1916.0 188
321.8719 1936.0 188
322.2180 1954.0 188
322.5586 1966.0 188
322.9047 1984.0 188
323.2452 2006.0 188
323.5913 2022.0 188
323.9374 2040.0 188
324.2340 2064.0 188
324.5746 2084.0 188
324.9207 2108.0 188
325.2612 2132.0 188
325.6073 2152.0 188
325.9479 2168.0 188
326.2939 2192.0 188
326.6400 2216.0 188
326.9202 2240.0 188
327.2607 2264.0 188
327.6068 2296.0 188
327.9529 2320.0 188
328.2935 2352.0 188
328.6395 2376.0 188
328.9801 2408.0 188
329.3262 2444.0 188
329.6228 2464.0 188
329.9634 2484.0 188
330.3094 2524.0 188
330.6555 2556.0 188
330.9961 2588.0 188
331.3422 2632.0 188
331.6827 2668.0 188
332.0288 2708.0 188
332.3090 2752.0 188
332.6550 2784.0 188
332.9956 2824.0 188
333.3417 2864.0 188
334.3744 2900.0 188
334.8248 5472.0 188
335.1709 5464.0 188
335.5115 5456.0 188
335.8575 5440.0 188
336.1981 5432.0 188
336.5442 5424.0 188
336.8903 5408.0 188
337.2308 5400.0 188
337.5769 5392.0 188
337.9175 5384.0 188
338.2635 5368.0 188
338.6041 5360.0 188
338.9502 5360.0 188
339.2963 5344.0 188
339.6368 5336.0 188
339.9829 5320.0 188
340.3235 5320.0 188
340.6696 5312.0 188
341.0156 5304.0 188
341.3562 5296.0 188
341.7023 5288.0 188
342.0428 5280.0 188
342.3889 5272.0 188
342.7295 5264.0 188
343.0756 5256.0 188
343.4216 5248.0 188
347.1844 457.0 188
347.5909 454.0 188
347.9370 452.0 188
348.2776 450.0 188
348.6237 449.0 188
348.9642 449.0 188
349.3103 450.0 188
349.6509 451.0 188
349.9969 453.0 188
350.3430 454.0 188
350.6836 451.0 188
351.0297 449.0 188
351.3702 449.0 188
351.7163 450.0 188
352.0624 451.0 188
352.4030 452.0 188
352.7490 453.0 188
353.0896 453.0 188
353.4357 454.0 188
353.7158 456.0 188
354.0619 458.0 188
354.4025 462.0 188
