#RPLIDAR SCAN DATA
#COUNT=860
#Angule	Distance	Quality
352.7655 1594.0 188
353.1061 1578.0 188
353.4357 1560.0 188
353.7762 1544.0 188
354.1718 1530.0 188
354.5123 1516.0 188
354.8419 1502.0 188
355.1825 1490.0 188
355.5286 1476.0 188
355.8582 1460.0 188
356.1987 1448.0 188
356.5887 1436.0 188
356.9348 1422.0 188
357.2644 1408.0 188
357.6050 1396.0 188
357.9346 1386.0 188
358.2806 1374.0 188
358.6707 1362.0 188
359.0112 1352.0 188
359.3408 1342.0 188
359.6869 1330.0 188
0.0110 1320.0 188
0.3571 1312.0 188
0.7031 1302.0 188
1.0931 1290.0 188
1.4172 1278.0 188
1.7633 1268.0 188
2.1094 1260.0 188
2.4335 1252.0 188
2.7795 1242.0 188
3.1091 1236.0 188
3.5156 1228.0 188
3.8397 1218.0 188
4.1858 1212.0 188
4.5154 1204.0 188
4.8560 1196.0 188
5.2020 1188.0 188
5.5261 1180.0 188
5.8722 1174.0 188
6.2622 1166.0 188
6.6083 1160.0 188
6.9324 1152.0 188
7.2784 1144.0 188
7.6080 1138.0 188
7.9486 1132.0 188
8.2782 1126.0 188
8.6243 1118.0 188
9.0143 1112.0 188
9.3549 1108.0 188
9.6844 1102.0 188
10.0305 1094.0 188
10.3711 1090.0 188
10.7007 1084.0 188
11.0468 1078.0 188
11.3708 1072.0 188
11.7773 1068.0 188
12.1069 1060.0 188
12.4530 1056.0 188
12.7771 1050.0 188
13.1232 1044.0 188
13.4637 1042.0 188
13.7933 1042.0 188
14.1394 1048.0 188
14.4635 1056.0 188
14.8096 1064.0 188
15.0897 1074.0 188
15.4358 1082.0 188
15.7654 1092.0 188
16.1060 1102.0 188
16.4355 1110.0 188
16.7157 1120.0 188
17.0618 1126.0 188
17.4023 1136.0 188
17.7319 1144.0 188
18.0780 1156.0 188
18.4186 1166.0 188
18.6987 1176.0 188
19.0448 1184.0 188
19.3744 1194.0 188
19.7150 1206.0 188
20.0610 1216.0 188
20.3906 1226.0 188
20.6873 1238.0 188
21.0114 1252.0 188
21.3574 1266.0 188
21.6980 1276.0 188
22.0276 1286.0 188
22.3077 1300.0 188
22.6538 1312.0 188
22.9999 1324.0 188
23.3240 1340.0 188
23.6700 1354.0 188
23.9502 1370.0 188
24.2963 1384.0 188
24.6368 1398.0 188
24.9664 1414.0 188
25.3125 1430.0 188
25.5927 1448.0 188
25.9332 1464.0 188
26.2628 1482.0 188
26.6089 1498.0 188
26.9495 1514.0 188
27.2955 1532.0 188
27.5757 1552.0 188
27.9053 1572.0 188
28.2458 1596.0 188
28.5919 1616.0 188
28.9215 1638.0 188
29.2017 1660.0 188
30.2344 1680.0 188
34.2609 332.0 188
34.6069 329.0 188
34.9969 327.0 188
35.3430 326.0 188
35.6671 326.0 188
36.0132 327.0 188
36.2933 328.0 188
36.6394 328.0 188
37.0294 327.0 188
37.3700 326.0 188
37.6996 325.0 188
38.0457 326.0 188
38.3862 327.0 188
38.6719 329.0 188
39.0125 329.0 188
39.3420 330.0 188
39.6826 332.0 188
39.9683 333.0 188
40.3088 333.0 188
40.6384 333.0 188
41.0449 331.0 188
41.3745 329.0 188
41.7810 327.0 188
42.1051 326.0 188
42.4512 326.0 188
42.7917 326.0 188
43.1213 326.0 188
43.4674 327.0 188
43.7476 328.0 188
44.0936 328.0 188
44.4342 328.0 188
44.7638 329.0 188
45.1044 330.0 188
45.4504 331.0 188
45.7800 331.0 188
46.1206 331.0 188
46.4667 331.0 188
46.7963 331.0 188
47.1368 332.0 188
47.4170 333.0 188
47.7631 334.0 188
48.1091 335.0 188
48.4332 336.0 188
48.7134 337.0 188
49.0594 337.0 188
49.4055 339.0 188
49.7296 340.0 188
50.0757 341.0 188
50.3558 342.0 188
50.7019 343.0 188
51.0425 344.0 188
51.3721 345.0 188
51.7181 346.0 188
51.9983 347.0 188
52.3389 348.0 188
52.6685 350.0 188
53.0145 351.0 188
53.2947 352.0 188
53.6353 354.0 188
53.9648 355.0 188
54.3109 356.0 188
54.5911 358.0 188
54.9371 359.0 188
55.2612 361.0 188
55.5469 363.0 188
55.8875 364.0 188
56.2335 366.0 188
56.5137 368.0 188
56.8433 369.0 188
57.1838 372.0 188
57.4640 375.0 188
57.7936 377.0 188
58.1396 378.0 188
58.4198 380.0 188
58.7604 383.0 188
59.0460 386.0 188
59.3701 387.0 188
59.7162 387.0 188
60.0623 388.0 188
60.3424 391.0 188
60.6665 393.0 188
61.3586 395.0 188
68.7305 140.0 188
69.0765 140.0 188
69.7467 140.0 188
64.2316 415.0 188
64.5117 418.0 188
64.8413 420.0 188
65.1874 423.0 188
65.4675 426.0 188
65.8081 428.0 188
66.1377 431.0 188
75.9650 122.0 188
76.4209 121.0 188
76.8109 120.0 188
77.1515 120.0 188
77.5909 119.0 188
77.9370 119.0 188
78.2776 119.0 188
78.6072 119.0 188
78.9478 119.0 188
79.2938 119.0 188
79.7498 118.0 188
80.0739 118.0 188
80.2936 119.0 188
80.6396 119.0 188
80.9802 119.0 188
81.3098 119.0 188
81.6559 119.0 188
82.5623 120.0 188
75.4486 1006.0 188
75.7947 1016.0 188
76.1243 1022.0 188
76.4044 1028.0 188
77.6404 730.0 188
77.9810 724.0 188
78.3710 720.0 188
78.7170 718.0 188
79.0576 718.0 188
79.3872 720.0 188
79.7333 720.0 188
80.0574 722.0 188
80.3430 724.0 188
80.6836 726.0 188
81.0297 730.0 188
83.5620 992.0 188
91.2030 465.0 188
92.0435 447.0 188
92.3895 443.0 188
92.7795 439.0 188
93.1201 436.0 188
93.4497 434.0 188
93.7958 432.0 188
94.1858 431.0 188
94.5264 430.0 188
94.8120 432.0 188
95.1361 433.0 188
95.4822 432.0 188
95.8118 432.0 188
96.1523 434.0 188
96.4984 436.0 188
96.8280 438.0 188
97.1082 441.0 188
97.4487 442.0 188
97.7783 445.0 188
98.0750 448.0 188
98.4045 450.0 188
99.5911 476.0 188
99.9811 471.0 188
100.3271 466.0 188
100.7172 460.0 188
101.1072 453.0 188
101.4972 446.0 188
101.8433 440.0 188
102.2333 437.0 188
102.5739 435.0 188
102.9034 432.0 188
103.2935 427.0 188
103.6395 424.0 188
104.0295 420.0 188
104.4196 413.0 188
104.8260 408.0 188
105.2161 403.0 188
105.5457 399.0 188
105.9357 395.0 188
106.2762 391.0 188
106.6718 387.0 188
107.0618 384.0 188
107.4023 380.0 188
107.7924 377.0 188
108.1384 374.0 188
108.5284 370.0 188
108.8745 368.0 188
109.2645 365.0 188
109.5886 363.0 188
109.9951 361.0 188
110.3247 359.0 188
110.6708 357.0 188
111.0608 355.0 188
111.4014 354.0 188
111.7310 353.0 188
112.0770 352.0 188
112.4670 351.0 188
112.8076 349.0 188
113.1372 348.0 188
113.4833 347.0 188
113.8733 345.0 188
114.2139 344.0 188
114.5435 342.0 188
114.9335 341.0 188
115.2795 339.0 188
115.6201 338.0 188
115.9497 338.0 188
116.2958 338.0 188
116.6364 338.0 188
116.9659 338.0 188
117.3120 338.0 188
117.6361 337.0 188
117.9822 337.0 188
118.3118 337.0 188
118.7018 335.0 188
119.1083 332.0 188
119.4324 330.0 188
119.7784 329.0 188
120.1080 328.0 188
120.4486 328.0 188
120.8386 327.0 188
121.1847 327.0 188
121.5143 327.0 188
121.7944 328.0 188
122.1844 327.0 188
122.5305 327.0 188
122.8546 327.0 188
123.1403 328.0 188
123.4808 328.0 188
123.8269 329.0 188
124.1510 331.0 188
124.4366 333.0 188
124.7772 335.0 188
125.0574 337.0 188
125.3870 341.0 188
125.6671 346.0 188
126.5735 353.0 188
127.9193 1126.0 188
128.2654 1120.0 188
128.5895 1118.0 188
128.9960 1116.0 188
129.3256 1114.0 188
129.6716 1112.0 188
129.9957 1110.0 188
130.3418 1110.0 188
130.6714 1108.0 188
131.0120 1108.0 188
131.3580 1106.0 188
131.6821 1104.0 188
132.0282 1104.0 188
132.3083 1120.0 188
132.6379 1152.0 188
132.9181 1188.0 188
135.0000 1132.0 188
135.3406 1134.0 188
136.0107 1142.0 188
136.8567 1940.0 188
137.1863 1936.0 188
137.5269 1930.0 188
137.8729 1928.0 188
138.2025 1928.0 188
138.5431 1960.0 188
139.6692 2736.0 188
139.9988 2740.0 188
140.3394 2744.0 188
140.6689 2744.0 188
141.0150 2748.0 188
141.3391 2752.0 188
141.6852 2756.0 188
142.0313 2760.0 188
142.3553 2764.0 188
142.7014 2768.0 188
143.0310 2776.0 188
143.3716 2776.0 188
143.7012 2780.0 188
144.0417 2780.0 188
144.3713 2780.0 188
144.7174 2788.0 188
145.0580 2788.0 188
145.3876 2808.0 188
145.7336 2828.0 188
146.0577 2820.0 188
146.4038 2816.0 188
146.7499 2828.0 188
147.0740 2840.0 188
147.4200 2848.0 188
147.7606 2856.0 188
148.0902 2864.0 188
148.4363 2872.0 188
148.7604 2868.0 188
149.1064 2868.0 188
149.4525 2872.0 188
149.7766 2872.0 188
150.1227 2868.0 188
150.4688 2868.0 188
150.7928 2876.0 188
151.1389 2876.0 188
151.4685 2872.0 188
151.8091 2876.0 188
152.1552 2884.0 188
152.4792 2888.0 188
152.8253 2892.0 188
153.1714 2896.0 188
153.4955 2900.0 188
156.5442 2920.0 188
159.9170 3056.0 188
160.2631 3064.0 188
160.5432 3076.0 188
160.8728 3084.0 188
161.2134 3092.0 188
161.5594 3100.0 188
161.8890 3108.0 188
162.2296 3108.0 188
162.5592 3092.0 188
162.9053 3080.0 188
163.2953 3060.0 188
163.6359 3040.0 188
164.4818 2180.0 188
164.8279 2152.0 188
165.1520 2120.0 188
165.4980 2108.0 188
165.8276 2108.0 188
166.1682 2112.0 188
166.5143 2124.0 188
166.8384 2140.0 188
167.1844 2128.0 188
167.5305 2100.0 188
167.8546 2080.0 188
168.2007 2052.0 188
168.5907 2028.0 188
168.9368 2006.0 188
169.2609 1982.0 188
169.6069 1960.0 188
169.9530 1938.0 188
170.2771 1918.0 188
170.6232 1894.0 188
171.0132 1874.0 188
171.3593 1856.0 188
171.6833 1834.0 188
172.0294 1816.0 188
172.3590 1800.0 188
172.6996 1782.0 188
173.0457 1764.0 188
173.4357 1744.0 188
173.7762 1726.0 188
174.1058 1710.0 188
174.4519 1690.0 188
174.7760 1672.0 188
175.1221 1660.0 188
175.4681 1648.0 188
175.8582 1634.0 188
176.1823 1618.0 188
176.5283 1604.0 188
176.8744 1590.0 188
177.1985 1576.0 188
177.5446 1562.0 188
177.8906 1546.0 188
178.2806 1532.0 188
178.6047 1524.0 188
178.9508 1510.0 188
179.2969 1496.0 188
179.6210 1486.0 188
179.9670 1474.0 188
180.3076 1462.0 188
180.6372 1450.0 188
181.0437 1438.0 188
181.3733 1428.0 188
181.7139 1422.0 188
182.0599 1426.0 188
182.3895 1434.0 188
182.7301 1442.0 188
183.0103 1450.0 188
183.3563 1458.0 188
183.6859 1464.0 188
184.0265 1470.0 188
184.3726 1480.0 188
184.7021 1488.0 188
185.0427 1494.0 188
185.3888 1502.0 188
185.7184 1512.0 188
186.0590 1520.0 188
186.4050 1526.0 188
186.7291 1536.0 188
187.0148 1546.0 188
187.3553 1556.0 188
187.7014 1564.0 188
188.0310 1572.0 188
188.3716 1584.0 188
188.7177 1596.0 188
189.0417 1606.0 188
189.3878 1614.0 188
189.7339 1622.0 188
190.0580 1634.0 188
190.3436 1644.0 188
190.6842 1654.0 188
191.0303 1664.0 188
191.3544 1678.0 188
191.7004 1692.0 188
192.0465 1702.0 188
192.3706 1712.0 188
192.7167 1722.0 188
193.0573 1736.0 188
193.3868 1750.0 188
193.6670 1762.0 188
194.0131 1774.0 188
194.3591 1792.0 188
194.6832 1806.0 188
195.0293 1814.0 188
195.3699 1828.0 188
195.6995 1846.0 188
196.0455 1862.0 188
196.3861 1876.0 188
196.6718 1894.0 188
196.9958 1906.0 188
197.3419 1918.0 188
197.6825 1936.0 188
198.0121 1954.0 188
198.3582 1972.0 188
198.6987 1990.0 188
199.0283 2008.0 188
199.3744 2026.0 188
199.7150 2040.0 188
199.9951 2056.0 188
200.3247 2080.0 188
200.6708 2096.0 188
201.0114 2116.0 188
201.3409 2144.0 188
201.6870 2160.0 188
202.0276 2184.0 188
202.3572 2208.0 188
202.6978 2228.0 188
202.9834 2252.0 188
203.3240 2276.0 188
203.6536 2296.0 188
203.9996 2320.0 188
204.3402 2348.0 188
204.6698 2376.0 188
205.0104 2404.0 188
205.3400 2436.0 188
205.6366 2464.0 188
205.9662 2484.0 188
206.3123 2512.0 188
206.6528 2544.0 188
206.9824 2572.0 188
207.3230 2608.0 188
207.6691 2644.0 188
207.9987 2676.0 188
208.3392 2716.0 188
208.6249 2764.0 188
208.9655 2788.0 188
209.2950 2820.0 188
209.6356 2864.0 188
209.9817 2904.0 188
210.3113 2948.0 188
210.6519 3000.0 188
210.9814 3044.0 188
211.2781 3088.0 188
211.6077 3132.0 188
212.2778 3272.0 188
212.6239 3284.0 188
212.9645 3272.0 188
213.2941 3272.0 188
213.6401 3264.0 188
213.9807 3256.0 188
214.3103 3248.0 188
214.6509 3240.0 188
215.3265 3240.0 188
215.6671 3508.0 188
216.2769 3532.0 188
216.9031 4264.0 188
217.2491 4288.0 188
218.2654 4384.0 188
218.6554 3752.0 188
219.3256 3768.0 188
219.5618 5096.0 188
219.8859 5240.0 188
220.2319 5376.0 188
220.5780 5504.0 188
221.2482 5904.0 188
221.5778 6080.0 188
222.1985 7192.0 188
222.5446 7288.0 188
222.8741 7328.0 188
223.2147 7360.0 188
223.5608 7368.0 188
224.2310 7360.0 188
224.9011 7464.0 188
225.2472 7472.0 188
225.5768 7448.0 188
226.2634 7528.0 188
226.5930 7552.0 188
227.2797 7576.0 188
227.6093 7640.0 188
227.9498 7672.0 188
228.2959 7712.0 188
228.6200 7864.0 188
229.2957 8032.0 188
230.3119 8160.0 188
231.2787 8296.0 188
234.3109 9384.0 188
239.3866 10552.0 188
240.7324 8376.0 188
241.0730 8400.0 188
241.4191 8392.0 188
242.4792 6832.0 188
242.8253 6656.0 188
243.4955 6480.0 188
243.8855 6064.0 188
244.5776 5680.0 188
244.9017 5568.0 188
245.2478 5432.0 188
245.5774 5288.0 188
245.9180 5176.0 188
246.6541 4880.0 188
246.9836 4792.0 188
247.3242 4704.0 188
247.6703 4592.0 188
247.9999 4512.0 188
248.3405 4440.0 188
248.6700 4336.0 188
249.0106 4240.0 188
249.3567 4164.0 188
249.7467 4080.0 188
250.0928 3992.0 188
250.4169 3936.0 188
250.7629 3888.0 188
251.0925 3808.0 188
251.4331 3736.0 188
251.7792 3672.0 188
252.1088 3608.0 188
252.4493 3552.0 188
252.8394 3492.0 188
253.1854 3440.0 188
253.5150 3392.0 188
253.8556 3352.0 188
254.1852 3304.0 188
254.5313 3244.0 188
254.8718 3196.0 188
255.2014 3156.0 188
255.5420 3112.0 188
255.9375 3068.0 188
256.2781 3036.0 188
256.6077 3008.0 188
256.9482 2960.0 188
257.2943 2920.0 188
257.6239 2892.0 188
257.9645 2852.0 188
258.2941 2812.0 188
258.6401 2784.0 188
258.9807 2760.0 188
259.3707 2728.0 188
259.7003 2688.0 188
260.0464 2660.0 188
260.3870 2628.0 188
260.7166 2596.0 188
261.0571 2572.0 188
261.4032 2544.0 188
261.7328 2520.0 188
262.0734 2500.0 188
262.4030 2476.0 188
262.8094 2452.0 188
263.1390 2420.0 188
263.4796 2400.0 188
263.8092 2380.0 188
264.1553 2356.0 188
264.4958 2332.0 188
264.8254 2316.0 188
265.1715 2304.0 188
265.4956 2276.0 188
265.8417 2252.0 188
266.1823 2236.0 188
266.5778 2220.0 188
266.9183 2196.0 188
267.2479 2172.0 188
267.5885 2164.0 188
267.9181 2148.0 188
268.2642 2128.0 188
268.6047 2108.0 188
268.9343 2092.0 188
269.2804 2076.0 188
269.6045 2060.0 188
270.0110 2042.0 188
270.3406 2030.0 188
270.6866 2024.0 188
271.0107 2028.0 188
271.3568 2040.0 188
271.7029 2048.0 188
271.9830 2052.0 188
272.3071 2064.0 188
272.6532 2076.0 188
272.9993 2084.0 188
273.3234 2092.0 188
273.6694 2104.0 188
273.9990 2116.0 188
274.3396 2128.0 188
274.6857 2140.0 188
275.0153 2148.0 188
275.3558 2156.0 188
275.7019 2168.0 188
276.0260 2180.0 188
276.3721 2196.0 188
276.7181 2212.0 188
277.0422 2224.0 188
277.3279 2236.0 188
277.6685 2244.0 188
278.0145 2256.0 188
278.3386 2276.0 188
278.6847 2296.0 188
279.0308 2308.0 188
279.3549 2320.0 188
279.7009 2328.0 188
280.0415 2348.0 188
280.3711 2360.0 188
280.7172 2376.0 188
281.0468 2392.0 188
281.3873 2408.0 188
281.7334 2424.0 188
282.0575 2444.0 188
282.3541 2464.0 188
282.6837 2480.0 188
283.0298 2492.0 188
283.3704 2504.0 188
283.7000 2524.0 188
284.0460 2548.0 188
284.3701 2568.0 188
284.7162 2584.0 188
285.0623 2604.0 188
285.3864 2632.0 188
285.7324 2652.0 188
286.0730 2664.0 188
286.4026 2684.0 188
286.7487 2712.0 188
287.0288 2744.0 188
287.3749 2768.0 188
287.6990 2788.0 188
288.0450 2808.0 188
288.3856 2828.0 188
288.7152 2856.0 188
289.0613 2888.0 188
289.4019 2912.0 188
290.0116 3076.0 188
290.3577 3108.0 188
290.6982 3128.0 188
291.0278 3148.0 188
291.3739 3180.0 188
291.7145 3220.0 188
292.0441 3256.0 188
292.3901 3296.0 188
292.7307 3328.0 188
293.0603 3368.0 188
293.4009 3400.0 188
293.7469 3424.0 188
294.0765 3460.0 188
294.3567 3516.0 188
294.7028 3560.0 188
295.0433 3592.0 188
295.3729 3636.0 188
295.7135 3692.0 188
296.0596 3748.0 188
296.3892 3780.0 188
296.7297 3804.0 188
297.0758 3856.0 188
297.4054 3924.0 188
297.7460 3900.0 188
298.4216 4000.0 188
298.7622 3996.0 188
299.1083 3992.0 188
299.4324 3980.0 188
299.7784 3972.0 188
300.1245 3964.0 188
300.4486 3956.0 188
300.7947 3940.0 188
301.1353 3928.0 188
301.4648 3912.0 188
301.8109 3896.0 188
302.1515 3880.0 188
302.4811 3864.0 188
302.8271 3864.0 188
303.1512 3892.0 188
303.4973 3956.0 188
303.8434 4032.0 188
304.1235 4120.0 188
304.4641 4208.0 188
304.7937 4288.0 188
305.1398 4376.0 188
305.4639 4472.0 188
305.8099 4544.0 188
306.1560 4608.0 188
306.4801 4728.0 188
306.8262 4856.0 188
307.1063 4984.0 188
307.4524 5104.0 188
307.7930 5216.0 188
308.4686 5312.0 188
308.8092 5608.0 188
309.4794 5712.0 188
309.8254 6032.0 188
310.4352 6208.0 188
311.1218 6808.0 188
311.4514 6992.0 188
312.4677 7776.0 188
313.4839 8008.0 188
315.4010 13320.0 188
326.6400 10320.0 188
328.7329 7104.0 188
329.7491 7104.0 188
331.8860 4816.0 188
332.2321 4512.0 188
332.9022 4208.0 188
333.2483 4104.0 188
333.6383 3988.0 188
333.9844 3936.0 188
334.3085 3944.0 188
334.6545 3952.0 188
334.9951 3956.0 188
335.3412 3960.0 188
335.6708 3964.0 188
336.0114 3972.0 188
336.3574 3976.0 188
336.6870 3984.0 188
337.0276 3988.0 188
337.3737 3988.0 188
338.0438 3996.0 188
338.4998 2824.0 188
338.8239 2780.0 188
339.2303 2720.0 188
339.5599 2664.0 188
339.9060 2620.0 188
340.2466 2568.0 188
340.5762 2532.0 188
340.9167 2492.0 188
341.3123 2452.0 188
341.6528 2408.0 188
341.9824 2368.0 188
342.3230 2332.0 188
342.6526 2292.0 188
342.9987 2260.0 188
343.3887 2228.0 188
343.7292 2200.0 188
344.0588 2164.0 188
344.4049 2132.0 188
344.7455 2100.0 188
345.0751 2068.0 188
345.4651 2038.0 188
345.8112 2012.0 188
346.1353 1986.0 188
346.4813 1962.0 188
346.8274 1936.0 188
347.1515 1910.0 188
347.5415 1890.0 188
347.8876 1864.0 188
348.2172 1842.0 188
348.5577 1824.0 188
348.9038 1802.0 188
349.2334 1780.0 188
349.5740 1758.0 188
349.9640 1736.0 188
350.3101 1718.0 188
350.6396 1698.0 188
350.9802 1678.0 188
351.3098 1666.0 188
351.6559 1646.0 188
352.0459 1628.0 188
352.3865 1612.0 188
